1486118559.354591 0.0076397 -0.0030252 0.0004607 -0.0006795 -0.0002283 0.0008704 0.9999993
1486118559.755768 0.0726740 -0.0012400 -0.0042682 0.0009775 0.0095374 0.0059767 0.9999362
1486118559.863565 0.0917983 -0.0028705 -0.0063846 -0.0002560 0.0110256 0.0080140 0.9999071
1486118560.011136 0.1154971 0.0011747 -0.0076905 0.0003855 0.0156462 0.0106774 0.9998205
1486118562.455518 0.5453320 0.0105249 -0.0313335 -0.0090013 0.0811021 0.0576608 0.9949958
1486118563.903223 0.6133724 0.0271393 -0.0487592 -0.0140590 0.0763437 0.0646875 0.9948816
1486118564.563747 0.6113855 0.0542051 -0.0792521 -0.0171642 0.0580576 0.0479095 0.9970152
1486118564.952791 0.6109417 0.0673402 -0.0935701 -0.0139856 0.0491275 0.0312480 0.9982056
1486118565.359916 0.5999259 0.0770469 -0.1041300 -0.0138855 0.0426616 0.0178738 0.9988332
1486118566.955187 0.5319972 0.1610177 -0.1328313 -0.0385601 0.0061692 -0.0116653 0.9991692
1486118569.157488 0.4780935 0.1374211 -0.1251697 -0.0336553 0.0586462 0.0578551 0.9960325
1486118569.605286 0.4511678 0.1392306 -0.1308199 -0.0287951 0.0616891 0.0607762 0.9958271
1486118570.060529 0.4195760 0.1450120 -0.1258726 -0.0263203 0.0686686 0.0560713 0.9957147
1486118571.358583 0.2989792 0.1778325 -0.1195841 -0.0318891 0.0679612 0.0495723 0.9959453
1486118573.113797 0.0991467 0.1870876 -0.1272633 -0.0221626 0.0633015 0.0480133 0.9965924
1486118573.912215 0.0088378 0.1981350 -0.1165710 -0.0245111 0.0636725 0.0462152 0.9965988
1486118574.362806 -0.0435845 0.2057324 -0.1067410 -0.0214916 0.0657321 0.0447542 0.9966015
1486118575.212656 -0.1431653 0.2036666 -0.1044242 -0.0211419 0.0692526 0.0542967 0.9958960
1486118575.659997 -0.1924839 0.2016479 -0.1073634 -0.0185389 0.0734638 0.0632923 0.9951148
1486118576.105774 -0.2427205 0.2026181 -0.1086024 -0.0155363 0.0813747 0.0727004 0.9939072
1486118577.507313 -0.4093022 0.2234993 -0.1323400 -0.0012919 0.1037908 0.0863190 0.9908455
1486118577.957258 -0.4785945 0.2400008 -0.1546566 0.0046356 0.1013986 0.0828956 0.9913754
1486118578.414019 -0.5621883 0.2658466 -0.1827213 0.0055578 0.0949065 0.0804427 0.9922151
1486118578.810261 -0.6365441 0.2999381 -0.2122311 0.0074945 0.0898348 0.0755138 0.9930615
1486118579.562502 -0.7563297 0.3726474 -0.2796040 0.0017388 0.0947648 0.0809271 0.9922033
1486118579.918756 -0.8035213 0.4088898 -0.3089636 -0.0007685 0.1017803 0.0865376 0.9910355
1486118580.312806 -0.8554932 0.4516045 -0.3424655 -0.0007049 0.1130646 0.0942001 0.9891118
1486118580.717549 -0.9063774 0.4955906 -0.3763035 -0.0018726 0.1247781 0.1052859 0.9865808
1486118581.806880 -1.0411401 0.5975206 -0.4560035 -0.0042601 0.1521486 0.1308610 0.9796469
1486118582.564819 -1.1745586 0.6477495 -0.5280471 0.0152233 0.1483630 0.1186555 0.9816708
1486118582.959661 -1.2705541 0.6872612 -0.5757647 0.0146754 0.1325691 0.1080382 0.9851587
1486118583.255803 -1.3381686 0.7280834 -0.6092615 0.0023312 0.1186876 0.1094608 0.9868770
1486118583.456985 -1.3796912 0.7562836 -0.6280501 -0.0076980 0.1122302 0.1095194 0.9875984
1486118583.907933 -1.4614041 0.8168951 -0.6609915 -0.0272177 0.1035498 0.0973946 0.9894700
1486118584.411735 -1.5235003 0.8832286 -0.6785512 -0.0504966 0.1096520 0.1039792 0.9872258
1486118584.860208 -1.5617700 0.9219340 -0.6928334 -0.0584224 0.1259761 0.1068069 0.9845350
1486118585.114745 -1.5851363 0.9360980 -0.7032292 -0.0597238 0.1304405 0.1070113 0.9838531
1486118585.408002 -1.6224321 0.9468959 -0.7165339 -0.0621772 0.1305802 0.1110590 0.9832338
1486118585.665813 -1.6582793 0.9492642 -0.7311552 -0.0639115 0.1258590 0.1174173 0.9829995
1486118586.859021 -1.8194988 0.9421515 -0.7907940 -0.0454873 0.1042913 0.1166173 0.9866381
1486118587.159657 -1.8525004 0.9468160 -0.7960391 -0.0425241 0.1059658 0.1099211 0.9873602
1486118587.508384 -1.8891304 0.9527370 -0.7977713 -0.0463232 0.1066389 0.1064893 0.9874929
1486118587.861330 -1.9285226 0.9649178 -0.7954806 -0.0501346 0.1058718 0.1044367 0.9876086
1486118588.911457 -2.0533142 0.9800711 -0.7948527 -0.0589605 0.0889812 0.0933494 0.9898949
1486118589.265018 -2.1008608 0.9764979 -0.7967703 -0.0562628 0.0807341 0.0873694 0.9913037
1486118589.918900 -2.1952093 0.9635082 -0.7988964 -0.0518335 0.0648105 0.0718203 0.9939591
1486118591.521915 -2.3703227 0.9446989 -0.7687775 -0.0588100 0.0502730 0.0631573 0.9950001
1486118593.118471 -2.4751821 0.8831457 -0.7155302 -0.0519279 0.0851248 0.0960572 0.9903688
1486118593.958040 -2.5597022 0.8540593 -0.7133160 -0.0424524 0.0766809 0.1007318 0.9910454
1486118594.866286 -2.6160340 0.8549975 -0.7550955 -0.0120156 0.0721329 0.0825657 0.9938991
1486118595.264771 -2.6231959 0.8905199 -0.7870910 -0.0186346 0.0749255 0.0959586 0.9923865
1486118595.714164 -2.6067202 0.9400790 -0.8271875 -0.0350985 0.0908182 0.1318708 0.9864736
1486118596.663920 -2.5609796 1.0229075 -0.8986703 -0.0320734 0.1192503 0.1471451 0.9813761
1486118597.628807 -2.5186288 1.1083848 -0.9604839 -0.0424512 0.1065731 0.1344339 0.9842599
1486118598.063103 -2.4892945 1.1401263 -0.9893965 -0.0415504 0.1005372 0.1208320 0.9866942
1486118598.561888 -2.4449737 1.1653103 -1.0310023 -0.0313080 0.0947408 0.1116179 0.9887292
1486118599.013686 -2.4069576 1.1920943 -1.0674202 -0.0324656 0.0883567 0.1179641 0.9885462
1486118599.519179 -2.3553391 1.2299495 -1.0971433 -0.0380306 0.0893082 0.1275619 0.9870692
1486118600.013242 -2.2796316 1.2584445 -1.1199152 -0.0318836 0.1012085 0.1232937 0.9866807
1486118600.563763 -2.1829002 1.2940980 -1.1495235 -0.0309476 0.1228668 0.1382504 0.9822590
1486118601.068038 -2.1106107 1.3179514 -1.1770607 -0.0347594 0.1274025 0.1434610 0.9808055
1486118601.662691 -2.0244443 1.3453056 -1.2104411 -0.0369126 0.1254860 0.1578832 0.9787561
1486118602.173407 -1.9440178 1.3611740 -1.2344925 -0.0330159 0.1288934 0.1646819 0.9773312
1486118602.727185 -1.8457695 1.3813744 -1.2606748 -0.0266512 0.1400270 0.1677271 0.9754741
1486118603.216208 -1.7618107 1.4067025 -1.2870370 -0.0251142 0.1526326 0.1769854 0.9719819
1486118603.721426 -1.6832190 1.4439133 -1.3094922 -0.0304593 0.1560187 0.1920317 0.9684287
1486118604.167575 -1.6179726 1.4748795 -1.3202943 -0.0403499 0.1518521 0.1941000 0.9683171
1486118604.621562 -1.5443020 1.4979750 -1.3330308 -0.0397337 0.1558866 0.1912485 0.9682689
1486118605.718912 -1.3734729 1.5363818 -1.3978066 -0.0291591 0.1653624 0.2075055 0.9637150
1486118606.111408 -1.3218266 1.5582374 -1.4142237 -0.0338659 0.1604736 0.2224239 0.9610562
1486118606.414996 -1.2799481 1.5725675 -1.4206688 -0.0381154 0.1553180 0.2116906 0.9641632
1486118606.666599 -1.2454922 1.5806592 -1.4201109 -0.0383879 0.1504938 0.1928543 0.9688577
1486118606.970428 -1.1942350 1.5897282 -1.4226975 -0.0352901 0.1506343 0.1799521 0.9714325
1486118608.179512 -0.9819459 1.6401049 -1.4842587 -0.0191167 0.1698067 0.1878405 0.9672208
1486118608.515642 -0.9537172 1.6465672 -1.5014646 -0.0162423 0.1485818 0.1679049 0.9744063
1486118608.914833 -0.9295647 1.6572180 -1.5195144 -0.0169977 0.1196396 0.1489956 0.9814264
1486118609.320839 -0.9041413 1.6743916 -1.5336150 -0.0204966 0.1006208 0.1298269 0.9862050
1486118609.764627 -0.8679260 1.7060511 -1.5433363 -0.0264852 0.0898065 0.1046524 0.9900915
1486118610.672624 -0.7880576 1.8007998 -1.5646218 -0.0665646 0.0582225 0.0895813 0.9920456
1486118611.020758 -0.7296268 1.8201616 -1.5812234 -0.0706396 0.0671936 0.1006237 0.9901363
1486118611.371328 -0.6710442 1.8238045 -1.5974015 -0.0607653 0.0727654 0.0949715 0.9909557
1486118612.075877 -0.5667922 1.8233141 -1.6297780 -0.0421606 0.0719271 0.0838977 0.9929804
1486118612.471044 -0.5162311 1.8275181 -1.6324000 -0.0451670 0.0602915 0.0848447 0.9935423
1486118612.865212 -0.4504308 1.8362485 -1.6310048 -0.0513046 0.0606558 0.0819195 0.9934676
1486118613.268006 -0.3867947 1.8518162 -1.6236995 -0.0584916 0.0666621 0.0701843 0.9935840
1486118614.122462 -0.2913456 1.8615397 -1.5930054 -0.0738769 0.0548779 0.0424115 0.9948527
1486118614.514013 -0.2627100 1.8516061 -1.5819324 -0.0742384 0.0408038 0.0333240 0.9958480
1486118614.976811 -0.2354264 1.8372515 -1.5687380 -0.0731232 0.0237651 0.0243774 0.9967417
1486118615.418619 -0.2019198 1.8198406 -1.5520468 -0.0747219 0.0143936 0.0196446 0.9969070
1486118615.920047 -0.1599443 1.7999560 -1.5281562 -0.0781890 0.0165506 0.0126956 0.9967203
1486118616.322407 -0.1247022 1.7778268 -1.5079632 -0.0768973 0.0200825 0.0096404 0.9967901
1486118616.768272 -0.0895724 1.7461897 -1.4819015 -0.0752960 0.0233574 0.0130471 0.9968023
1486118617.273285 -0.0532506 1.7029334 -1.4511238 -0.0720501 0.0243280 0.0241716 0.9968113
1486118617.715730 -0.0259484 1.6662005 -1.4208366 -0.0688193 0.0278417 0.0293491 0.9968086
1486118618.165750 0.0020355 1.6321585 -1.3881879 -0.0662038 0.0325964 0.0314850 0.9967764
1486118618.622744 0.0332517 1.6050084 -1.3522205 -0.0682449 0.0396034 0.0334745 0.9963201
1486118619.117128 0.0640582 1.5751318 -1.3149331 -0.0708042 0.0472075 0.0367937 0.9956930
1486118619.566802 0.0861494 1.5397315 -1.2793701 -0.0731788 0.0501583 0.0435573 0.9951039
1486118619.975502 0.1019395 1.5048176 -1.2472709 -0.0693623 0.0538177 0.0497598 0.9948952
1486118620.414822 0.1173894 1.4665674 -1.2151817 -0.0642403 0.0542048 0.0488377 0.9952638
1486118620.818958 0.1293805 1.4352394 -1.1889743 -0.0638406 0.0495975 0.0453977 0.9956925
1486118621.220879 0.1386385 1.4014361 -1.1650441 -0.0654400 0.0432380 0.0413901 0.9960597
1486118621.567442 0.1462402 1.3711008 -1.1448520 -0.0643738 0.0363356 0.0384632 0.9965221
1486118621.919376 0.1555676 1.3402547 -1.1168557 -0.0653114 0.0298972 0.0399298 0.9966174
1486118622.173064 0.1666876 1.3170003 -1.0924155 -0.0634346 0.0335641 0.0444717 0.9964295
1486118622.469651 0.1913736 1.2839297 -1.0640843 -0.0590818 0.0408965 0.0501902 0.9961514
1486118622.725274 0.2168681 1.2636364 -1.0383984 -0.0557448 0.0492035 0.0577218 0.9955600
1486118623.225551 0.2664981 1.2254392 -0.9896455 -0.0538473 0.0717331 0.0763141 0.9930413
1486118623.523912 0.2932896 1.2050586 -0.9681158 -0.0510038 0.0823544 0.0833111 0.9918042
1486118623.819636 0.3120079 1.1836053 -0.9488183 -0.0533689 0.0832405 0.0871019 0.9912800
1486118624.120107 0.3192623 1.1577109 -0.9297511 -0.0556168 0.0735902 0.0792541 0.9925775
1486118624.470862 0.3239088 1.1232255 -0.9113826 -0.0514603 0.0568753 0.0674210 0.9947720
1486118625.522812 0.3584708 1.0033541 -0.8385584 -0.0195443 0.0289995 0.0381466 0.9986600
1486118625.941155 0.3855473 0.9711824 -0.8049514 -0.0193102 0.0326402 0.0317768 0.9987752
1486118626.388925 0.4202241 0.9529564 -0.7670448 -0.0310310 0.0368238 0.0385313 0.9980964
1486118626.723655 0.4476562 0.9370525 -0.7392302 -0.0414986 0.0403862 0.0451124 0.9973022
1486118627.066463 0.4763092 0.9173018 -0.7111888 -0.0487368 0.0440744 0.0511113 0.9965289
1486118627.419258 0.5000660 0.8904763 -0.6810095 -0.0488023 0.0495040 0.0510069 0.9962761
1486118628.169627 0.5337661 0.8181881 -0.6148931 -0.0423966 0.0597757 0.0464205 0.9962302
1486118628.531646 0.5334312 0.7824615 -0.5830022 -0.0416158 0.0584908 0.0424997 0.9965143
1486118628.867451 0.5213746 0.7437403 -0.5493989 -0.0408649 0.0528534 0.0432843 0.9968265
1486118629.629242 0.4932555 0.6606540 -0.4888164 -0.0435884 0.0389753 0.0525515 0.9969049
1486118630.266470 0.4829395 0.5987253 -0.4328480 -0.0401585 0.0512817 0.0542321 0.9964017
1486118630.569904 0.4824876 0.5729734 -0.4035498 -0.0378136 0.0598009 0.0561008 0.9959150
1486118630.920921 0.4832476 0.5400308 -0.3676578 -0.0358089 0.0691826 0.0617223 0.9950486
1486118631.274913 0.4751956 0.5004036 -0.3341818 -0.0377143 0.0807853 0.0733409 0.9933139
1486118631.626656 0.4675916 0.4670305 -0.3041829 -0.0345428 0.0898654 0.0921146 0.9910832
1486118633.473302 0.4809864 0.3142957 -0.1910086 -0.0096103 0.1937111 0.2136574 0.9574624
1486118634.221872 0.4672047 0.2804014 -0.1572733 -0.0024364 0.2267737 0.2644373 0.9373584
1486118634.620332 0.4551215 0.2490156 -0.1479092 0.0021387 0.2459691 0.2800744 0.9279293
1486118635.022018 0.4431033 0.2230539 -0.1527907 0.0186274 0.2599165 0.2832077 0.9229788
1486118635.428308 0.3927218 0.1927049 -0.1510498 0.0340492 0.2651397 0.2697199 0.9250907
1486118635.821466 0.3146478 0.1696275 -0.1508109 0.0357823 0.2534531 0.2652141 0.9295927
1486118636.175816 0.2362206 0.1645764 -0.1516194 0.0296483 0.2369880 0.2638884 0.9345163
1486118636.519670 0.1576641 0.1640805 -0.1532509 0.0161641 0.2255774 0.2598953 0.9387801
1486118636.880022 0.0861885 0.1810727 -0.1452046 0.0069561 0.2235938 0.2509367 0.9418005
1486118637.223101 0.0256301 0.1925498 -0.1404601 -0.0057343 0.2256324 0.2430018 0.9434019
1486118637.619711 -0.0388232 0.2197623 -0.1372669 -0.0063341 0.2302221 0.2356670 0.9441497
1486118638.024350 -0.1163843 0.2272505 -0.1460203 -0.0015806 0.2245399 0.2202271 0.9492520
1486118638.419578 -0.2197323 0.2297634 -0.1658778 0.0040786 0.2059426 0.2078620 0.9562240
1486118638.774673 -0.3141527 0.2446371 -0.1915926 0.0027395 0.1827947 0.2038405 0.9617836
1486118639.122985 -0.3952090 0.2670057 -0.2179691 -0.0004767 0.1681846 0.2066911 0.9638426
1486118639.524601 -0.4691298 0.2947775 -0.2477814 0.0009742 0.1678556 0.2022788 0.9648351
1486118639.922893 -0.5298459 0.3300556 -0.2718704 0.0036880 0.1783466 0.1989718 0.9636333
1486118640.287706 -0.5796273 0.3671960 -0.2916310 0.0020357 0.1923255 0.2020086 0.9603121
1486118640.622149 -0.6300828 0.4093399 -0.3117658 -0.0031698 0.2050465 0.2083515 0.9563136
1486118640.969056 -0.6571630 0.4455581 -0.3513613 -0.0182239 0.1982726 0.2264016 0.9534664
1486118641.476250 -0.7747766 0.5025600 -0.3489481 -0.0233205 0.2187471 0.2316032 0.9476106
1486118641.722642 -0.8171589 0.5170429 -0.3554536 -0.0251988 0.2218996 0.2359710 0.9457501
1486118641.923608 -0.8485003 0.5262225 -0.3617796 -0.0241951 0.2232784 0.2388227 0.9447355
1486118642.434501 -0.9200821 0.5382579 -0.3783846 -0.0180035 0.2293810 0.2419878 0.9426039
1486118643.026351 -1.0114944 0.5442018 -0.4000894 -0.0041483 0.2353156 0.2326005 0.9436665
1486118643.376537 -1.0761652 0.5424515 -0.4156451 0.0051807 0.2348583 0.2229713 0.9460965
1486118643.725366 -1.1544657 0.5504215 -0.4246868 0.0053900 0.2200560 0.2111252 0.9523510
1486118645.774724 -1.4037530 0.6116216 -0.3532704 -0.0574259 0.2284077 0.2179609 0.9471142
1486118646.080135 -1.4473739 0.5874479 -0.3471869 -0.0488930 0.2229006 0.2257859 0.9470721
1486118646.730694 -1.5405514 0.5280796 -0.3435315 -0.0343018 0.2086963 0.2374838 0.9480879
1486118647.322630 -1.5839577 0.4965151 -0.3134288 -0.0320929 0.2200811 0.2388232 0.9452502
1486118647.971571 -1.5880245 0.4688075 -0.2642795 -0.0280495 0.2553432 0.2456035 0.9347149
1486118648.624714 -1.6350486 0.4297806 -0.2170338 -0.0319719 0.2605934 0.2574061 0.9299521
1486118649.270033 -1.7070642 0.3802471 -0.1795946 -0.0351849 0.2512305 0.2811348 0.9255314
1486118649.871264 -1.7564001 0.3276954 -0.1439764 -0.0294245 0.2565340 0.2814302 0.9241869
1486118650.427335 -1.7946517 0.2924999 -0.1047661 -0.0247647 0.2678052 0.2750380 0.9230499
1486118650.994148 -1.8482355 0.2553526 -0.0591214 -0.0306961 0.2601196 0.2673539 0.9273173
1486118651.524241 -1.9288014 0.2054420 -0.0081979 -0.0373461 0.2390231 0.2476982 0.9381465
1486118651.929688 -1.9873493 0.1714207 0.0235061 -0.0361282 0.2204885 0.2312843 0.9468828
1486118652.227521 -2.0298948 0.1462598 0.0466030 -0.0358011 0.2102651 0.2214583 0.9515582
1486118652.521740 -2.0655818 0.1207696 0.0673048 -0.0368148 0.2001223 0.2132605 0.9555709
1486118652.832657 -2.0998547 0.0987979 0.0901618 -0.0362900 0.1936457 0.2032718 0.9590959
1486118653.370074 -2.1600895 0.0559273 0.1300546 -0.0319022 0.1845030 0.1803869 0.9656094
1486118653.621241 -2.1911366 0.0341642 0.1435592 -0.0266318 0.1790891 0.1663999 0.9692930
1486118653.878868 -2.2274480 0.0172582 0.1542497 -0.0198669 0.1697775 0.1516524 0.9735412
1486118654.123550 -2.2726133 -0.0000283 0.1647238 -0.0163579 0.1580645 0.1390581 0.9774512
1486118654.339660 -2.3080068 -0.0112938 0.1679601 -0.0152992 0.1442174 0.1300240 0.9808471
1486118654.572467 -2.3568704 -0.0198913 0.1762554 -0.0200106 0.1246804 0.1204560 0.9846546
1486118654.821568 -2.4104760 -0.0114795 0.1880741 -0.0276954 0.1009294 0.1099985 0.9884061
1486118655.076599 -2.4293590 -0.0077322 0.1772457 -0.0363775 0.0599695 0.1001116 0.9925009
1486118655.323192 -2.4884868 0.0194628 0.2113073 -0.0417877 0.0547329 0.0715572 0.9950566
