1486118557.956258 0.0006003 -0.0001803 0.0002723 0.0000545 -0.0002063 0.0000451 1.0000000
1486118558.508495 0.0770660 0.0114665 -0.0146090 -0.0003807 0.0030846 0.0078920 0.9999640
1486118558.821428 0.1207612 0.0143534 -0.0233437 -0.0008597 0.0052721 0.0148207 0.9998759
1486118559.056707 0.1581559 0.0161257 -0.0292993 -0.0000650 0.0086610 0.0198257 0.9997659
1486118560.970754 0.4844475 0.0485045 -0.0619766 0.0000769 0.0495138 0.0590874 0.9970241
1486118561.554126 0.5925309 0.0584365 -0.0726917 0.0020297 0.0629635 0.0751784 0.9951782
1486118563.562208 0.8083392 0.1001124 -0.0793927 0.0058570 0.1077794 0.0874900 0.9903004
1486118563.857934 0.8196108 0.1092635 -0.0940964 0.0018844 0.0911213 0.0896665 0.9917930
1486118564.212430 0.8136785 0.1106526 -0.1106032 -0.0068404 0.0813582 0.0827714 0.9932185
1486118564.605211 0.8077890 0.1194834 -0.1289025 -0.0109293 0.0735683 0.0693673 0.9948148
1486118568.814982 0.6943114 0.2136320 -0.1612813 -0.0251669 0.0717514 0.0718896 0.9945101
1486118569.356372 0.6592940 0.2039555 -0.1704060 -0.0216629 0.0736959 0.0841302 0.9934897
1486118569.904863 0.6241642 0.2048376 -0.1696491 -0.0182580 0.0810549 0.0821445 0.9931511
1486118570.957729 0.5339203 0.2260694 -0.1584429 -0.0224966 0.0861503 0.0726340 0.9933762
1486118571.962132 0.4224854 0.2302431 -0.1610788 -0.0193352 0.0762699 0.0727559 0.9942412
1486118572.411111 0.3710199 0.2252291 -0.1665652 -0.0142512 0.0752913 0.0720979 0.9944496
1486118572.909975 0.3149875 0.2274327 -0.1671738 -0.0146999 0.0745521 0.0711923 0.9945640
1486118574.362806 0.1418581 0.2294621 -0.1456504 -0.0211993 0.0785942 0.0674381 0.9943971
1486118574.819493 0.0842264 0.2240566 -0.1411593 -0.0215094 0.0815332 0.0694670 0.9940141
1486118575.305745 0.0222567 0.2189505 -0.1407777 -0.0212914 0.0850938 0.0788257 0.9930218
1486118576.213373 -0.0870101 0.2153753 -0.1409094 -0.0145253 0.1012063 0.0971456 0.9900045
1486118576.712717 -0.1460532 0.2177913 -0.1423272 -0.0103817 0.1113830 0.1049607 0.9881646
1486118577.163858 -0.2076485 0.2234968 -0.1473246 -0.0051050 0.1208780 0.1072867 0.9868394
1486118579.063368 -0.5563357 0.3664317 -0.2226616 0.0263085 0.1160116 0.0990130 0.9879502
1486118579.461955 -0.6271482 0.3929491 -0.2573481 0.0176703 0.1214261 0.1024790 0.9871380
1486118579.864496 -0.6877880 0.4365854 -0.2853712 0.0157931 0.1291993 0.1087041 0.9855159
1486118580.266295 -0.7461487 0.4781197 -0.3120195 0.0156937 0.1411322 0.1161880 0.9830238
1486118580.615755 -0.7922181 0.5176708 -0.3366193 0.0164163 0.1504674 0.1260472 0.9804092
1486118581.658911 -0.9294533 0.6162848 -0.3988228 0.0112318 0.1780950 0.1546975 0.9717122
1486118582.366957 -1.0423149 0.6585286 -0.4482149 0.0277454 0.1810604 0.1504773 0.9714957
1486118583.058023 -1.2075036 0.7300709 -0.5121524 0.0331128 0.1561567 0.1332379 0.9781443
1486118583.310141 -1.2647076 0.7623872 -0.5333428 0.0218046 0.1452498 0.1345967 0.9799545
1486118583.559447 -1.3180823 0.7954326 -0.5490376 0.0098929 0.1386400 0.1334589 0.9812593
1486118584.757322 -1.4783409 0.9300888 -0.5812701 -0.0360178 0.1515637 0.1352724 0.9784848
1486118585.261320 -1.5274711 0.9542426 -0.5950182 -0.0395660 0.1599299 0.1373146 0.9767301
1486118585.523761 -1.5579302 0.9608600 -0.6046255 -0.0406419 0.1562716 0.1428311 0.9764869
1486118585.863034 -1.6055955 0.9635034 -0.6202134 -0.0388212 0.1458708 0.1522039 0.9767541
1486118586.162568 -1.6459452 0.9583678 -0.6350801 -0.0358258 0.1365085 0.1575138 0.9773799
1486118587.463100 -1.7914976 0.9615675 -0.6585069 -0.0201297 0.1323000 0.1354288 0.9817080
1486118587.825500 -1.8271669 0.9689723 -0.6546109 -0.0249632 0.1310324 0.1336530 0.9820103
1486118588.510632 -1.9081295 0.9827341 -0.6466236 -0.0324787 0.1245906 0.1262945 0.9836016
1486118589.209540 -1.9963130 0.9750525 -0.6433546 -0.0312255 0.1113912 0.1150687 0.9865983
1486118589.515418 -2.0326734 0.9674500 -0.6431494 -0.0291445 0.1028012 0.1087188 0.9883131
1486118590.161855 -2.1159046 0.9517558 -0.6410080 -0.0266391 0.0854618 0.0929684 0.9916368
1486118591.465515 -2.2416878 0.9308713 -0.6083887 -0.0340156 0.0751380 0.0880685 0.9926939
1486118593.317541 -2.3525457 0.8586333 -0.5512111 -0.0238507 0.1077109 0.1238426 0.9861503
1486118594.168822 -2.4258051 0.8325250 -0.5531580 -0.0102636 0.0985647 0.1255276 0.9871284
1486118594.617725 -2.4516902 0.8303245 -0.5711793 0.0062404 0.0978171 0.1166197 0.9883282
1486118595.012744 -2.4695344 0.8469728 -0.5970561 0.0136214 0.0945002 0.1080211 0.9895532
1486118595.466626 -2.4734695 0.8916230 -0.6294044 -0.0012109 0.1025829 0.1350385 0.9855151
1486118597.377469 -2.4093628 1.0569129 -0.7555560 -0.0189000 0.1338479 0.1670609 0.9766362
1486118597.811711 -2.3871493 1.0926728 -0.7816304 -0.0217701 0.1268852 0.1553530 0.9794344
1486118598.315041 -2.3547235 1.1215377 -0.8167230 -0.0162221 0.1221631 0.1419545 0.9821721
1486118598.821734 -2.3216338 1.1468015 -0.8575932 -0.0104409 0.1166702 0.1384218 0.9834218
1486118599.360297 -2.2740958 1.1833925 -0.8956096 -0.0192654 0.1128479 0.1543639 0.9813592
1486118599.922933 -2.2087717 1.2175117 -0.9214046 -0.0161486 0.1240702 0.1505495 0.9806532
1486118600.472972 -2.1275001 1.2540095 -0.9509414 -0.0142490 0.1476976 0.1607109 0.9757840
1486118601.018473 -2.0557077 1.2862910 -0.9793433 -0.0167012 0.1567641 0.1691947 0.9728922
1486118601.561638 -1.9927512 1.3137882 -1.0083678 -0.0193594 0.1576017 0.1825731 0.9702855
1486118602.069010 -1.9275582 1.3333037 -1.0317776 -0.0152157 0.1620128 0.1902576 0.9681541
1486118602.563159 -1.8592062 1.3518777 -1.0535028 -0.0098197 0.1759716 0.1916881 0.9655015
1486118603.070670 -1.7904580 1.3742485 -1.0814811 -0.0079031 0.1918732 0.1978946 0.9612284
1486118603.562623 -1.7275803 1.4031938 -1.1079476 -0.0108872 0.2020041 0.2118260 0.9561410
1486118604.066405 -1.6716332 1.4353899 -1.1231506 -0.0238660 0.2019316 0.2189780 0.9543074
1486118604.464261 -1.6205897 1.4571590 -1.1348479 -0.0267900 0.2054300 0.2176120 0.9537955
1486118605.164018 -1.5262456 1.4805877 -1.1758411 -0.0171052 0.2246893 0.2145009 0.9503744
1486118605.917106 -1.4475644 1.5064386 -1.2256414 -0.0189688 0.2233630 0.2393189 0.9447093
1486118606.321059 -1.4036614 1.5232756 -1.2415119 -0.0266975 0.2195783 0.2404369 0.9451258
1486118606.565340 -1.3750063 1.5319473 -1.2455330 -0.0297674 0.2163319 0.2237395 0.9498711
1486118607.162920 -1.2826505 1.5556482 -1.2664455 -0.0269497 0.2210938 0.2048012 0.9531252
1486118607.761922 -1.1887338 1.5815032 -1.3080254 -0.0230637 0.2430721 0.2278523 0.9425855
1486118608.424738 -1.1250684 1.5915843 -1.3528531 -0.0143137 0.2273687 0.1938281 0.9542165
1486118608.770168 -1.1082547 1.5970304 -1.3712609 -0.0166500 0.2009631 0.1769011 0.9633497
1486118609.170754 -1.0893080 1.6091466 -1.3908402 -0.0208569 0.1789766 0.1594530 0.9706220
1486118610.069366 -1.0316204 1.6756357 -1.4183396 -0.0395438 0.1485582 0.1121546 0.9817271
1486118610.514206 -1.0010349 1.7223969 -1.4349320 -0.0661015 0.1303631 0.1118100 0.9829214
1486118610.965558 -0.9427058 1.7513044 -1.4643980 -0.0766421 0.1377170 0.1268956 0.9793148
1486118611.275208 -0.9011664 1.7556264 -1.4840701 -0.0720589 0.1469897 0.1273309 0.9782578
1486118611.966889 -0.8127453 1.7554685 -1.5306844 -0.0534769 0.1513548 0.1092507 0.9809670
1486118612.718121 -0.7211605 1.7642462 -1.5524307 -0.0610579 0.1393056 0.1106191 0.9821554
1486118613.068369 -0.6676275 1.7746310 -1.5589155 -0.0668429 0.1448817 0.1016009 0.9819463
1486118613.468742 -0.6127464 1.7897271 -1.5588894 -0.0801681 0.1467748 0.0910814 0.9816998
1486118613.828839 -0.5742807 1.7975245 -1.5528237 -0.0883917 0.1423850 0.0796907 0.9826306
1486118614.216654 -0.5377084 1.7936398 -1.5471439 -0.0911943 0.1318886 0.0685858 0.9846750
1486118614.715890 -0.5061502 1.7811674 -1.5388927 -0.0920485 0.1140161 0.0569426 0.9875652
1486118615.163942 -0.4773870 1.7666304 -1.5289588 -0.0924671 0.1008663 0.0506803 0.9892964
1486118616.615198 -0.3472841 1.6995081 -1.4802710 -0.0990454 0.1038494 0.0393123 0.9888679
1486118617.069131 -0.3102577 1.6658461 -1.4588124 -0.0955690 0.1056211 0.0458900 0.9887390
1486118617.567994 -0.2768033 1.6251091 -1.4308462 -0.0934294 0.1110530 0.0523087 0.9880294
1486118618.066633 -0.2405118 1.5883489 -1.4000424 -0.0905236 0.1155480 0.0542331 0.9876806
1486118618.573282 -0.1999636 1.5589328 -1.3665049 -0.0931710 0.1226516 0.0551638 0.9865256
1486118619.467246 -0.1345878 1.4957981 -1.3034989 -0.1041072 0.1328958 0.0634327 0.9836040
1486118619.833985 -0.1144445 1.4689242 -1.2773137 -0.1019905 0.1358265 0.0685420 0.9830825
1486118620.264326 -0.0887204 1.4313072 -1.2468420 -0.0967809 0.1365087 0.0700926 0.9834052
1486118620.615700 -0.0739782 1.4046650 -1.2242171 -0.0956695 0.1341267 0.0664710 0.9840930
1486118620.969727 -0.0606987 1.3776816 -1.2032641 -0.0970241 0.1294180 0.0628210 0.9848303
1486118621.271760 -0.0511886 1.3531440 -1.1856778 -0.0982161 0.1241246 0.0588482 0.9856387
1486118621.667082 -0.0368313 1.3197157 -1.1604739 -0.0980362 0.1159665 0.0560147 0.9868146
1486118621.968336 -0.0233931 1.2954830 -1.1354390 -0.0974321 0.1121305 0.0577386 0.9872183
1486118622.266782 -0.0010056 1.2662594 -1.1076465 -0.0945836 0.1180553 0.0622959 0.9865273
1486118622.572208 0.0282054 1.2393588 -1.0775470 -0.0889465 0.1285570 0.0661376 0.9854884
1486118622.778268 0.0527606 1.2246746 -1.0592704 -0.0864599 0.1364438 0.0727919 0.9841794
1486118623.018122 0.0835383 1.2107855 -1.0364882 -0.0830342 0.1478534 0.0810891 0.9821758
1486118623.616215 0.1429025 1.1590935 -0.9942612 -0.0841676 0.1726169 0.0953289 0.9767454
1486118623.914618 0.1605467 1.1357021 -0.9747544 -0.0883506 0.1688946 0.0942828 0.9771282
1486118624.171758 0.1688766 1.1157596 -0.9586201 -0.0889068 0.1596851 0.0874471 0.9792596
1486118624.524185 0.1769377 1.0795451 -0.9372111 -0.0855124 0.1426411 0.0760191 0.9831390
1486118624.867825 0.1900020 1.0363408 -0.9151009 -0.0777923 0.1285766 0.0724131 0.9859882
1486118625.570011 0.2295223 0.9523917 -0.8569276 -0.0607755 0.1175446 0.0427603 0.9902834
1486118626.271334 0.2936953 0.9121172 -0.8002179 -0.0704608 0.1244379 0.0424336 0.9888123
1486118626.570087 0.3241977 0.9037123 -0.7796013 -0.0787127 0.1263313 0.0505286 0.9875685
1486118626.920146 0.3554837 0.8873078 -0.7531798 -0.0866138 0.1324838 0.0560089 0.9858038
1486118627.320934 0.3925647 0.8596077 -0.7205108 -0.0908732 0.1383431 0.0592546 0.9844248
1486118627.719472 0.4258412 0.8209065 -0.6835454 -0.0887625 0.1450056 0.0557741 0.9838617
1486118628.120706 0.4449238 0.7776740 -0.6443207 -0.0886428 0.1516418 0.0528589 0.9830326
1486118628.473565 0.4506418 0.7415994 -0.6040978 -0.0900929 0.1526007 0.0479514 0.9830040
1486118629.169520 0.4399500 0.6555618 -0.5264401 -0.0931107 0.1386043 0.0525110 0.9845617
1486118629.474733 0.4315423 0.6229859 -0.4950470 -0.0948177 0.1344992 0.0587848 0.9846136
1486118629.824797 0.4299363 0.5787700 -0.4550940 -0.0991536 0.1344506 0.0630672 0.9839279
1486118630.220726 0.4309789 0.5317354 -0.4104499 -0.1022408 0.1456467 0.0646903 0.9819109
1486118630.569904 0.4413880 0.4937156 -0.3704936 -0.1046642 0.1545582 0.0681267 0.9800591
1486118630.920921 0.4454198 0.4469690 -0.3223701 -0.1109325 0.1677939 0.0737363 0.9767815
1486118632.076319 0.4251489 0.2888207 -0.1606760 -0.1304809 0.2268129 0.1290968 0.9564856
1486118632.470530 0.4155907 0.2385709 -0.0962740 -0.1335961 0.2644022 0.1472617 0.9436936
1486118632.827369 0.4453892 0.2236561 -0.0877099 -0.1209433 0.2811582 0.1731718 0.9361273
1486118633.875078 0.4722393 0.1616128 -0.0167017 -0.1037587 0.3474869 0.2309001 0.9028688
1486118634.674932 0.4721064 0.1623267 -0.0145158 -0.0655042 0.3675865 0.2651816 0.8889703
1486118635.077981 0.4530993 0.1459807 -0.0242625 -0.0411373 0.3771732 0.2620582 0.8873408
1486118635.367519 0.4375416 0.1348271 -0.0401875 -0.0260287 0.3657776 0.2550823 0.8946856
1486118635.674651 0.4336965 0.1288331 -0.0608575 -0.0205137 0.3335074 0.2611516 0.9056224
1486118635.978967 0.4181900 0.1183853 -0.0889028 -0.0271788 0.2940957 0.2685489 0.9168700
1486118636.321777 0.4080652 0.1142410 -0.1130909 -0.0444574 0.2470153 0.2750801 0.9280829
1486118636.619098 0.3939098 0.1007282 -0.1398726 -0.0645624 0.2170168 0.2827290 0.9320943
1486118636.923205 0.3934120 0.0983973 -0.1494371 -0.0845238 0.1921531 0.2825538 0.9360002
1486118637.270184 0.3821620 0.0883802 -0.1682882 -0.1053282 0.1737309 0.2861988 0.9363834
1486118637.619711 0.3743143 0.0816500 -0.1887638 -0.1184854 0.1586698 0.2875864 0.9370588
1486118637.969457 0.3613970 0.0701981 -0.2216903 -0.1188180 0.1327023 0.2870857 0.9411983
1486118638.321606 0.3402801 0.0489247 -0.2706673 -0.1178797 0.0937199 0.2890081 0.9454075
1486118638.671427 0.0621573 0.1332437 -0.2744625 -0.0598006 0.1364445 0.2652368 0.9526049
1486118638.924897 -0.2406831 0.2923064 -0.2158246 0.0188585 0.2115350 0.2204746 0.9519917
1486118639.268766 -0.3353302 0.3308851 -0.2304803 0.0257490 0.2078651 0.2201162 0.9527213
1486118639.619011 -0.3970393 0.3488221 -0.2498475 0.0248442 0.2105261 0.2160633 0.9530888
1486118639.971964 -0.4473211 0.3820963 -0.2671661 0.0262630 0.2183322 0.2163980 0.9512167
1486118640.224249 -0.4948376 0.4105139 -0.2686345 0.0260523 0.2331263 0.2168226 0.9476082
1486118640.575775 -0.5390725 0.4473807 -0.2891349 0.0189382 0.2417750 0.2253768 0.9436056
1486118640.882542 -0.5867791 0.4759777 -0.2998060 0.0078794 0.2492791 0.2364316 0.9390942
1486118641.125040 -0.6294402 0.5054450 -0.3081563 0.0009411 0.2509176 0.2458152 0.9362769
1486118641.517499 -0.6990249 0.5374322 -0.3149416 -0.0062810 0.2536213 0.2550521 0.9330516
1486118642.018942 -0.7754268 0.5593600 -0.3261496 -0.0053260 0.2549278 0.2641461 0.9301668
1486118642.479438 -0.8369541 0.5654190 -0.3366039 0.0000489 0.2599983 0.2663507 0.9281477
1486118642.772796 -0.8794061 0.5687918 -0.3459095 0.0068676 0.2619604 0.2614076 0.9289756
1486118643.122845 -0.9358950 0.5686411 -0.3565133 0.0156813 0.2641990 0.2548019 0.9300693
1486118643.422982 -0.9916301 0.5665498 -0.3662998 0.0236859 0.2610345 0.2450379 0.9334112
1486118645.077731 -1.2412107 0.6576082 -0.3061638 -0.0386132 0.2418902 0.2472391 0.9374812
1486118645.723275 -1.2890400 0.6386796 -0.2812606 -0.0337956 0.2510228 0.2445332 0.9359749
1486118647.020149 -1.4465488 0.5292525 -0.2600613 -0.0060881 0.2307802 0.2625039 0.9369072
1486118647.322630 -1.4584962 0.5152324 -0.2385512 -0.0066585 0.2393772 0.2649240 0.9340608
1486118648.023065 -1.4603990 0.4848136 -0.1880041 -0.0019367 0.2761749 0.2709232 0.9221303
1486118648.672284 -1.5033815 0.4426689 -0.1447139 -0.0069854 0.2764219 0.2855574 0.9176051
1486118649.270033 -1.5623772 0.3959028 -0.1131363 -0.0080897 0.2651933 0.3066787 0.9140871
1486118649.871264 -1.6040761 0.3449072 -0.0829985 -0.0006691 0.2680924 0.3079094 0.9128624
1486118650.373748 -1.6304553 0.3075267 -0.0527222 0.0018061 0.2764486 0.3022723 0.9122524
1486118650.921982 -1.6767076 0.2666389 -0.0114821 -0.0037545 0.2700619 0.2952176 0.9164600
1486118651.379250 -1.7308884 0.2255786 0.0270492 -0.0092081 0.2522133 0.2827751 0.9253874
1486118651.725377 -1.7805045 0.1872052 0.0533158 -0.0105939 0.2352164 0.2667623 0.9345581
1486118652.077574 -1.8243282 0.1490892 0.0738679 -0.0110621 0.2195731 0.2551874 0.9415650
1486118652.431905 -1.8678173 0.1123469 0.0967737 -0.0129082 0.2079394 0.2453415 0.9467852
1486118652.727212 -1.8991075 0.0815620 0.1158167 -0.0145635 0.1999858 0.2369119 0.9506137
1486118653.024697 -1.9290315 0.0542202 0.1359867 -0.0144943 0.1937977 0.2264696 0.9544338
1486118653.526804 -1.9838721 0.0042524 0.1663888 -0.0088272 0.1860348 0.2032153 0.9612579
1486118653.826094 -2.0261211 -0.0261539 0.1808640 -0.0027902 0.1778609 0.1850812 0.9664899
1486118654.074019 -2.0675983 -0.0498083 0.1870368 0.0007306 0.1657534 0.1725938 0.9709463
1486118654.339660 -2.1127648 -0.0685808 0.1935510 0.0022360 0.1498105 0.1611353 0.9754933
1486118654.572467 -2.1645889 -0.0745726 0.2008841 0.0009154 0.1306099 0.1509757 0.9798707
1486118654.821568 -2.2178516 -0.0783067 0.2099719 -0.0096923 0.1058663 0.1408337 0.9843090
1486118655.076599 -2.2632070 -0.0741284 0.2159617 -0.0182778 0.0764840 0.1223054 0.9893723
1486118655.323192 -2.2879002 -0.0745819 0.2228681 -0.0325337 0.0531329 0.1033706 0.9926898
1486118655.623497 -2.2864485 -0.0759134 0.2305861 -0.0403903 0.0439338 0.0942736 0.9937559
1486118655.926296 -2.2811818 -0.0742183 0.2418924 -0.0362617 0.0468542 0.0877053 0.9943830
